3
0 0
0 3
4 3
1 2 2 2
// 1 2 3

14
0 0
6 0
6 -2
-2 -2
-2 4
2 4
2 2
4 2
4 6
-4 6
-4 -4
8 -4
8 1
0 1
3 3 3 3
// 7 8 9

14
0 0
6 0
6 -2
-2 -2
-2 4
2 4
2 2
4 2
4 6
-4 6
-4 -4
8 -4
8 2
0 2
3 1 3 3
// Impossible

14
0 0
6 0
6 -2
-2 -2
-2 4
2 4
2 2
4 2
4 6
-4 6
-4 -4
8 -4
8 2
0 2
0 -3 1 -3
// 3 10 11

6
0 0
2 -2
4 0
4 3
2 -1
0 3
1 1 3 1
// Impossible

4
0 0
0 4
4 4
4 0
3 1 3 2
// 1 3 4

4
4 0
4 4
0 4
0 0
3 1 3 2
// 1 2 4

4
0 0
2 0
2 3
0 3
1 1 1 2
// Impossible







0 0 0
0 3 0 3
1
-1 1 1 2 5
// Impossible

0 0 0
1 1 1 1
1
-3 3 3 4 5
// 1 1

0 0 0
0 1 0 2
1
-3 3 3 4 5
// 0 1

-1 -1 3
0 2 100 102
1
-5 0 0 5 2
// 2 4

-2 -1 0
1 1 5 1
1
-2 0 0 2 5
// 2 1


-1 -1 0
1 1 5 1
1
-2 0 0 2 5
// 1 1

0 0 0
-1 1 1 1
1
-10 2 10 2 5
// -1 1

0 0 2
4 4 -4 4
2
-3 2 -1 3 10
1 -1 4 2 20
// 2 4

0 0 2
4 1 4 -1
1
1 -1 3 1 10
// Impossible

0 0 0
5 5 6 6
1
1 1 2 2 1
// Impossible

0 0 10
4 0 100 0
1
1 -1 3 1 9
// 30 0

0 0 2
-2 1  2 1
1
3 -1  -3 -3 100
// -2 1

0 0 11
-10 -10 12 12
1
-1 -1 1 1 10
// 11 11

0 0 0
-1 4 1 4
2
-1 1 0 2 5
-1 2 1 3 5
// Impossible

0 0 0
-1 4 1 4
2
-1 1 0 2 5
0 2 1 3 5
// 0 4

0 0 2
-4 4 4 4
2
-3 2 -1 3 10
1 -1 4 2 20
// -1.333333333333 4.000000000000

0 0 2
4 4 -4 4
2
-3 2 -1 3 10
1 -1 4 2 20
// 2 4
